Participant 0 Tutorial A
Guided Jumping
NODE 0: 0, (4.3511, 0.8000, -2.1717), (0.0000, 0.0000, 0.0000)
3.007878, (4.3511, 0.8000, -2.1717), (0.0000, 0.0000, 0.0000)
NODE 1: 3.007878, (4.3511, 0.8000, -2.1717), (0.0000, 0.0000, 0.0000)
6.007907, (4.3511, 0.8000, 0.0083), (0.0000, 15.0000, 0.0000)
9.020672, (5.4811, 0.8000, 1.7962), (0.0000, 0.0000, 0.0000)
NODE 2: 9.020672, (5.4811, 0.8000, 1.7962), (0.0000, 0.0000, 0.0000)
CHOICE: 9.020672, (5.4811, 0.8000, 1.7962), (0.0000, 0.0000, 0.0000)
STOPPED: 9.020672, (5.4811, 0.8000, 1.7962), (0.0000, 0.0000, 0.0000)
SELECTED 1: 10.39505, (5.4811, 0.8000, 1.7962), (0.0000, 0.0000, 0.0000)
RESTART: 10.90716, (5.4811, 0.8000, 1.7962), (0.0000, 0.0000, 0.0000)
13.90756, (5.0311, 0.8000, 3.9583), (0.0000, 105.0000, 0.0000)
16.92135, (8.9711, 0.8000, 3.7383), (0.0000, 90.0000, 0.0000)
NODE 4: 16.92135, (8.9711, 0.8000, 3.7383), (0.0000, 90.0000, 0.0000)
19.93417, (11.5511, 0.8000, 4.3783), (0.0000, 90.0000, 0.0000)
22.94717, (13.0711, 0.8000, 3.7383), (0.0000, 0.0000, 0.0000)
END OF TASK
Time Taken: 22.94717

