Participant 0 Task B
Guided Jumping
NODE 0: 0, (-4.5300, 0.8000, -2.1717), (0.0000, 0.0000, 0.0000)
3.001178, (-4.5300, 0.8000, -2.1717), (0.0000, 0.0000, 0.0000)
NODE 1: 3.001178, (-4.5300, 0.8000, -2.1717), (0.0000, 0.0000, 0.0000)
6.002185, (-4.8700, 0.8000, -0.4517), (0.0000, 315.0000, 0.0000)
9.003129, (-5.4800, 0.8000, 1.2383), (0.0000, 270.0000, 0.0000)
NODE 2: 9.003129, (-5.4800, 0.8000, 1.2383), (0.0000, 270.0000, 0.0000)
12.00413, (-6.2000, 0.8000, 0.9983), (0.0000, 0.0000, 0.0000)
15.00507, (-6.3200, 0.8000, 4.2383), (0.0000, 270.0000, 0.0000)
18.00609, (-11.5200, 0.8000, 3.8883), (0.0000, 270.0000, 0.0000)
21.00623, (-13.3300, 0.8000, 2.2683), (0.0000, 180.0000, 0.0000)
24.00692, (-13.1400, 0.8000, -1.3117), (0.0000, 180.0000, 0.0000)
27.00731, (-13.1400, 0.8000, -4.6617), (0.0000, 245.0000, 0.0000)
30.00788, (-15.6600, 0.8000, -6.3317), (0.0000, 270.0000, 0.0000)
NODE 3: 30.00788, (-15.6600, 0.8000, -6.3317), (0.0000, 270.0000, 0.0000)
33.00878, (-17.3200, 0.8000, -6.9317), (0.0000, 90.0000, 0.0000)
36.00999, (-14.3500, 0.8000, -6.6817), (0.0000, 103.9739, 0.0000)
39.01079, (-12.9600, 0.8000, -8.0517), (0.0000, 90.0000, 0.0000)
NODE 4: 39.01079, (-12.9600, 0.8000, -8.0517), (0.0000, 90.0000, 0.0000)
CHOICE: 39.01079, (-12.9600, 0.8000, -8.0517), (0.0000, 90.0000, 0.0000)
STOPPED: 39.01079, (-12.9600, 0.8000, -8.0517), (0.0000, 90.0000, 0.0000)
SELECTED 0: 52.12835, (-12.9600, 0.8000, -8.0517), (0.0000, 90.0000, 0.0000)
RESTART: 52.62912, (-12.9600, 0.8000, -8.0517), (0.0000, 90.0000, 0.0000)
55.63046, (-10.8400, 0.8000, -6.0217), (0.0000, 123.5508, 0.0000)
58.63039, (-10.4300, 0.8000, -10.8117), (0.0000, 90.0000, 0.0000)
61.6307, (-0.7700, 0.8000, -10.8117), (0.0000, 0.0000, 0.0000)
NODE 5: 61.6307, (-0.7700, 0.8000, -10.8117), (0.0000, 0.0000, 0.0000)
64.63095, (-0.5100, 0.8000, -10.1617), (0.0000, 90.0000, 0.0000)
67.63135, (2.2300, 0.8000, -10.9617), (0.0000, 180.0000, 0.0000)
70.63181, (2.3700, 0.8000, -17.4817), (0.0000, 180.0000, 0.0000)
73.63209, (1.5100, 0.8000, -21.1817), (0.0000, 270.0000, 0.0000)
NODE 6: 73.63209, (1.5100, 0.8000, -21.1817), (0.0000, 270.0000, 0.0000)
76.63223, (-0.1100, 0.8000, -21.5417), (0.0000, 180.0000, 0.0000)
79.63246, (-0.2300, 0.8000, -23.0517), (0.0000, 90.0000, 0.0000)
82.63346, (1.9800, 0.8000, -23.0617), (0.0000, 90.0000, 0.0000)
85.63366, (3.3800, 0.8000, -23.2917), (0.0000, 90.0000, 0.0000)
NODE 7: 85.63366, (3.3800, 0.8000, -23.2917), (0.0000, 90.0000, 0.0000)
88.63378, (4.6664, 0.8000, -23.0618), (0.0000, 250.1155, 0.0000)
91.63477, (-0.6210, 0.8000, -29.3767), (0.0000, 250.1155, 0.0000)
94.63496, (-10.4700, 0.8000, -31.8117), (0.0000, 250.1155, 0.0000)
END OF TASK
Time Taken: 94.63496
Repeat

Participant 0 Task B
Guided Jumping
NODE 0: 0, (-4.5300, 0.8000, -2.1717), (0.0000, 0.0000, 0.0000)
3.000748, (-4.5300, 0.8000, -2.1717), (0.0000, 0.0000, 0.0000)
NODE 1: 3.000748, (-4.5300, 0.8000, -2.1717), (0.0000, 0.0000, 0.0000)
6.014393, (-4.8700, 0.8000, -0.4517), (0.0000, 315.0000, 0.0000)
9.026895, (-5.4800, 0.8000, 1.2383), (0.0000, 270.0000, 0.0000)
NODE 2: 9.026895, (-5.4800, 0.8000, 1.2383), (0.0000, 270.0000, 0.0000)
STOPPED: 10.20708, (-5.4800, 0.8000, 1.2383), (0.0000, 270.0000, 0.0000)
GESTURE 0: 10.20708, (-5.4800, 0.8000, 1.2383), (0.0000, 270.0000, 0.0000)
STOPPED: 10.74872, (-5.4800, 0.8000, 1.2383), (0.0000, 270.0000, 0.0000)
GESTURE 0: 10.74872, (-5.4800, 0.8000, 1.2383), (0.0000, 270.0000, 0.0000)
STOPPED: 11.16526, (-5.4800, 0.8000, 1.2383), (0.0000, 270.0000, 0.0000)
GESTURE 0: 11.16526, (-5.4800, 0.8000, 1.2383), (0.0000, 270.0000, 0.0000)
RESTART: 11.52643, (-5.4800, 0.8000, 1.2383), (0.0000, 270.0000, 0.0000)
GESTURE 1: 11.52643, (-5.4800, 0.8000, 1.2383), (0.0000, 270.0000, 0.0000)
RESTART: 11.94355, (-5.4800, 0.8000, 1.2383), (0.0000, 270.0000, 0.0000)
GESTURE 1: 11.94355, (-5.4800, 0.8000, 1.2383), (0.0000, 270.0000, 0.0000)
14.53985, (-6.2000, 0.8000, 0.9983), (0.0000, 0.0000, 0.0000)
17.55245, (-6.3200, 0.8000, 4.2383), (0.0000, 270.0000, 0.0000)
20.56524, (-11.5200, 0.8000, 3.8883), (0.0000, 270.0000, 0.0000)
23.57815, (-13.3300, 0.8000, 2.2683), (0.0000, 180.0000, 0.0000)
26.59017, (-13.1400, 0.8000, -1.3117), (0.0000, 180.0000, 0.0000)
29.60348, (-13.1400, 0.8000, -4.6617), (0.0000, 245.0000, 0.0000)
32.61676, (-15.6600, 0.8000, -6.3317), (0.0000, 270.0000, 0.0000)
NODE 3: 32.61676, (-15.6600, 0.8000, -6.3317), (0.0000, 270.0000, 0.0000)
35.62929, (-17.3200, 0.8000, -6.9317), (0.0000, 90.0000, 0.0000)
38.64204, (-14.3500, 0.8000, -6.6817), (0.0000, 103.9739, 0.0000)
41.65473, (-12.9600, 0.8000, -8.0517), (0.0000, 90.0000, 0.0000)
NODE 4: 41.65473, (-12.9600, 0.8000, -8.0517), (0.0000, 90.0000, 0.0000)
CHOICE: 41.65473, (-12.9600, 0.8000, -8.0517), (0.0000, 90.0000, 0.0000)
STOPPED: 41.65473, (-12.9600, 0.8000, -8.0517), (0.0000, 90.0000, 0.0000)
SELECTED 0: 52.58175, (-12.9600, 0.8000, -8.0517), (0.0000, 90.0000, 0.0000)
RESTART: 53.09538, (-12.9600, 0.8000, -8.0517), (0.0000, 90.0000, 0.0000)
56.10826, (-10.8400, 0.8000, -6.0217), (0.0000, 123.5508, 0.0000)
STOPPED: 56.12276, (-10.8400, 0.8000, -6.0217), (0.0000, 123.5508, 0.0000)
STOPPED: 56.13684, (-10.8400, 0.8000, -6.0217), (0.0000, 123.5508, 0.0000)
STOPPED: 56.14995, (-10.8400, 0.8000, -6.0217), (0.0000, 123.5508, 0.0000)
STOPPED: 56.16439, (-10.8400, 0.8000, -6.0217), (0.0000, 123.5508, 0.0000)
STOPPED: 56.17868, (-10.8400, 0.8000, -6.0217), (0.0000, 123.5508, 0.0000)
STOPPED: 56.19231, (-10.8400, 0.8000, -6.0217), (0.0000, 123.5508, 0.0000)
STOPPED: 56.20504, (-10.8400, 0.8000, -6.0217), (0.0000, 123.5508, 0.0000)
STOPPED: 56.21937, (-10.8400, 0.8000, -6.0217), (0.0000, 123.5508, 0.0000)
STOPPED: 56.23346, (-10.8400, 0.8000, -6.0217), (0.0000, 123.5508, 0.0000)
STOPPED: 56.24667, (-10.8400, 0.8000, -6.0217), (0.0000, 123.5508, 0.0000)
STOPPED: 56.26125, (-10.8400, 0.8000, -6.0217), (0.0000, 123.5508, 0.0000)
STOPPED: 56.27507, (-10.8400, 0.8000, -6.0217), (0.0000, 123.5508, 0.0000)
STOPPED: 56.28845, (-10.8400, 0.8000, -6.0217), (0.0000, 123.5508, 0.0000)
STOPPED: 56.3027, (-10.8400, 0.8000, -6.0217), (0.0000, 123.5508, 0.0000)
STOPPED: 56.31679, (-10.8400, 0.8000, -6.0217), (0.0000, 123.5508, 0.0000)
STOPPED: 56.33002, (-10.8400, 0.8000, -6.0217), (0.0000, 123.5508, 0.0000)
STOPPED: 56.34458, (-10.8400, 0.8000, -6.0217), (0.0000, 123.5508, 0.0000)
STOPPED: 56.35838, (-10.8400, 0.8000, -6.0217), (0.0000, 123.5508, 0.0000)
STOPPED: 56.37212, (-10.8400, 0.8000, -6.0217), (0.0000, 123.5508, 0.0000)
STOPPED: 56.3856, (-10.8400, 0.8000, -6.0217), (0.0000, 123.5508, 0.0000)
STOPPED: 56.40008, (-10.8400, 0.8000, -6.0217), (0.0000, 123.5508, 0.0000)
STOPPED: 56.41386, (-10.8400, 0.8000, -6.0217), (0.0000, 123.5508, 0.0000)
STOPPED: 56.4345, (-10.8400, 0.8000, -6.0217), (0.0000, 123.5508, 0.0000)
STOPPED: 56.44152, (-10.8400, 0.8000, -6.0217), (0.0000, 123.5508, 0.0000)
STOPPED: 56.45676, (-10.8400, 0.8000, -6.0217), (0.0000, 123.5508, 0.0000)
STOPPED: 56.47021, (-10.8400, 0.8000, -6.0217), (0.0000, 123.5508, 0.0000)
STOPPED: 56.48435, (-10.8400, 0.8000, -6.0217), (0.0000, 123.5508, 0.0000)
STOPPED: 56.49808, (-10.8400, 0.8000, -6.0217), (0.0000, 123.5508, 0.0000)
STOPPED: 56.51168, (-10.8400, 0.8000, -6.0217), (0.0000, 123.5508, 0.0000)
STOPPED: 56.5251, (-10.8400, 0.8000, -6.0217), (0.0000, 123.5508, 0.0000)
STOPPED: 56.53898, (-10.8400, 0.8000, -6.0217), (0.0000, 123.5508, 0.0000)
STOPPED: 56.55261, (-10.8400, 0.8000, -6.0217), (0.0000, 123.5508, 0.0000)
STOPPED: 56.56604, (-10.8400, 0.8000, -6.0217), (0.0000, 123.5508, 0.0000)
STOPPED: 56.5803, (-10.8400, 0.8000, -6.0217), (0.0000, 123.5508, 0.0000)
STOPPED: 56.59415, (-10.8400, 0.8000, -6.0217), (0.0000, 123.5508, 0.0000)
STOPPED: 56.60772, (-10.8400, 0.8000, -6.0217), (0.0000, 123.5508, 0.0000)
STOPPED: 56.62197, (-10.8400, 0.8000, -6.0217), (0.0000, 123.5508, 0.0000)
STOPPED: 56.63595, (-10.8400, 0.8000, -6.0217), (0.0000, 123.5508, 0.0000)
STOPPED: 56.64919, (-10.8400, 0.8000, -6.0217), (0.0000, 123.5508, 0.0000)
STOPPED: 56.66335, (-10.8400, 0.8000, -6.0217), (0.0000, 123.5508, 0.0000)
STOPPED: 56.6774, (-10.8400, 0.8000, -6.0217), (0.0000, 123.5508, 0.0000)
STOPPED: 56.6911, (-10.8400, 0.8000, -6.0217), (0.0000, 123.5508, 0.0000)
STOPPED: 56.70448, (-10.8400, 0.8000, -6.0217), (0.0000, 123.5508, 0.0000)
STOPPED: 56.71894, (-10.8400, 0.8000, -6.0217), (0.0000, 123.5508, 0.0000)
STOPPED: 56.73304, (-10.8400, 0.8000, -6.0217), (0.0000, 123.5508, 0.0000)
STOPPED: 56.74635, (-10.8400, 0.8000, -6.0217), (0.0000, 123.5508, 0.0000)
STOPPED: 56.76064, (-10.8400, 0.8000, -6.0217), (0.0000, 123.5508, 0.0000)
STOPPED: 56.77467, (-10.8400, 0.8000, -6.0217), (0.0000, 123.5508, 0.0000)
STOPPED: 56.78777, (-10.8400, 0.8000, -6.0217), (0.0000, 123.5508, 0.0000)
STOPPED: 56.80237, (-10.8400, 0.8000, -6.0217), (0.0000, 123.5508, 0.0000)
STOPPED: 56.81629, (-10.8400, 0.8000, -6.0217), (0.0000, 123.5508, 0.0000)
STOPPED: 56.82956, (-10.8400, 0.8000, -6.0217), (0.0000, 123.5508, 0.0000)
STOPPED: 56.84397, (-10.8400, 0.8000, -6.0217), (0.0000, 123.5508, 0.0000)
STOPPED: 56.85776, (-10.8400, 0.8000, -6.0217), (0.0000, 123.5508, 0.0000)
STOPPED: 56.87165, (-10.8400, 0.8000, -6.0217), (0.0000, 123.5508, 0.0000)
STOPPED: 56.88516, (-10.8400, 0.8000, -6.0217), (0.0000, 123.5508, 0.0000)
STOPPED: 56.89957, (-10.8400, 0.8000, -6.0217), (0.0000, 123.5508, 0.0000)
STOPPED: 56.91337, (-10.8400, 0.8000, -6.0217), (0.0000, 123.5508, 0.0000)
STOPPED: 56.92683, (-10.8400, 0.8000, -6.0217), (0.0000, 123.5508, 0.0000)
STOPPED: 56.94139, (-10.8400, 0.8000, -6.0217), (0.0000, 123.5508, 0.0000)
STOPPED: 56.95504, (-10.8400, 0.8000, -6.0217), (0.0000, 123.5508, 0.0000)
STOPPED: 56.96864, (-10.8400, 0.8000, -6.0217), (0.0000, 123.5508, 0.0000)
STOPPED: 56.98281, (-10.8400, 0.8000, -6.0217), (0.0000, 123.5508, 0.0000)
STOPPED: 56.99665, (-10.8400, 0.8000, -6.0217), (0.0000, 123.5508, 0.0000)
STOPPED: 57.01025, (-10.8400, 0.8000, -6.0217), (0.0000, 123.5508, 0.0000)
STOPPED: 57.02461, (-10.8400, 0.8000, -6.0217), (0.0000, 123.5508, 0.0000)
STOPPED: 57.03839, (-10.8400, 0.8000, -6.0217), (0.0000, 123.5508, 0.0000)
STOPPED: 57.05232, (-10.8400, 0.8000, -6.0217), (0.0000, 123.5508, 0.0000)
STOPPED: 57.0658, (-10.8400, 0.8000, -6.0217), (0.0000, 123.5508, 0.0000)
STOPPED: 57.07999, (-10.8400, 0.8000, -6.0217), (0.0000, 123.5508, 0.0000)
STOPPED: 57.09406, (-10.8400, 0.8000, -6.0217), (0.0000, 123.5508, 0.0000)
STOPPED: 57.10751, (-10.8400, 0.8000, -6.0217), (0.0000, 123.5508, 0.0000)
STOPPED: 57.12176, (-10.8400, 0.8000, -6.0217), (0.0000, 123.5508, 0.0000)
STOPPED: 57.13576, (-10.8400, 0.8000, -6.0217), (0.0000, 123.5508, 0.0000)
STOPPED: 57.14919, (-10.8400, 0.8000, -6.0217), (0.0000, 123.5508, 0.0000)
STOPPED: 57.16351, (-10.8400, 0.8000, -6.0217), (0.0000, 123.5508, 0.0000)
STOPPED: 57.17767, (-10.8400, 0.8000, -6.0217), (0.0000, 123.5508, 0.0000)
STOPPED: 57.19128, (-10.8400, 0.8000, -6.0217), (0.0000, 123.5508, 0.0000)
STOPPED: 57.20491, (-10.8400, 0.8000, -6.0217), (0.0000, 123.5508, 0.0000)
STOPPED: 57.21928, (-10.8400, 0.8000, -6.0217), (0.0000, 123.5508, 0.0000)
STOPPED: 57.23344, (-10.8400, 0.8000, -6.0217), (0.0000, 123.5508, 0.0000)
STOPPED: 57.24676, (-10.8400, 0.8000, -6.0217), (0.0000, 123.5508, 0.0000)
STOPPED: 57.26103, (-10.8400, 0.8000, -6.0217), (0.0000, 123.5508, 0.0000)
STOPPED: 57.27503, (-10.8400, 0.8000, -6.0217), (0.0000, 123.5508, 0.0000)
STOPPED: 57.28867, (-10.8400, 0.8000, -6.0217), (0.0000, 123.5508, 0.0000)
STOPPED: 57.3029, (-10.8400, 0.8000, -6.0217), (0.0000, 123.5508, 0.0000)
STOPPED: 57.31707, (-10.8400, 0.8000, -6.0217), (0.0000, 123.5508, 0.0000)
STOPPED: 57.33015, (-10.8400, 0.8000, -6.0217), (0.0000, 123.5508, 0.0000)
STOPPED: 57.34476, (-10.8400, 0.8000, -6.0217), (0.0000, 123.5508, 0.0000)
STOPPED: 57.35863, (-10.8400, 0.8000, -6.0217), (0.0000, 123.5508, 0.0000)
STOPPED: 57.37242, (-10.8400, 0.8000, -6.0217), (0.0000, 123.5508, 0.0000)
STOPPED: 57.38593, (-10.8400, 0.8000, -6.0217), (0.0000, 123.5508, 0.0000)
STOPPED: 57.4002, (-10.8400, 0.8000, -6.0217), (0.0000, 123.5508, 0.0000)
STOPPED: 57.41409, (-10.8400, 0.8000, -6.0217), (0.0000, 123.5508, 0.0000)
STOPPED: 57.42744, (-10.8400, 0.8000, -6.0217), (0.0000, 123.5508, 0.0000)
STOPPED: 57.44202, (-10.8400, 0.8000, -6.0217), (0.0000, 123.5508, 0.0000)
STOPPED: 57.45589, (-10.8400, 0.8000, -6.0217), (0.0000, 123.5508, 0.0000)
STOPPED: 57.46909, (-10.8400, 0.8000, -6.0217), (0.0000, 123.5508, 0.0000)
STOPPED: 57.48355, (-10.8400, 0.8000, -6.0217), (0.0000, 123.5508, 0.0000)
STOPPED: 57.49739, (-10.8400, 0.8000, -6.0217), (0.0000, 123.5508, 0.0000)
STOPPED: 57.5114, (-10.8400, 0.8000, -6.0217), (0.0000, 123.5508, 0.0000)
STOPPED: 57.52481, (-10.8400, 0.8000, -6.0217), (0.0000, 123.5508, 0.0000)
STOPPED: 57.53933, (-10.8400, 0.8000, -6.0217), (0.0000, 123.5508, 0.0000)
STOPPED: 57.55329, (-10.8400, 0.8000, -6.0217), (0.0000, 123.5508, 0.0000)
STOPPED: 57.56678, (-10.8400, 0.8000, -6.0217), (0.0000, 123.5508, 0.0000)
STOPPED: 57.58059, (-10.8400, 0.8000, -6.0217), (0.0000, 123.5508, 0.0000)
STOPPED: 57.59462, (-10.8400, 0.8000, -6.0217), (0.0000, 123.5508, 0.0000)
STOPPED: 57.60796, (-10.8400, 0.8000, -6.0217), (0.0000, 123.5508, 0.0000)
STOPPED: 57.62252, (-10.8400, 0.8000, -6.0217), (0.0000, 123.5508, 0.0000)
STOPPED: 57.63641, (-10.8400, 0.8000, -6.0217), (0.0000, 123.5508, 0.0000)
STOPPED: 57.64971, (-10.8400, 0.8000, -6.0217), (0.0000, 123.5508, 0.0000)
STOPPED: 57.66387, (-10.8400, 0.8000, -6.0217), (0.0000, 123.5508, 0.0000)
STOPPED: 57.67796, (-10.8400, 0.8000, -6.0217), (0.0000, 123.5508, 0.0000)
STOPPED: 57.69185, (-10.8400, 0.8000, -6.0217), (0.0000, 123.5508, 0.0000)
STOPPED: 57.70525, (-10.8400, 0.8000, -6.0217), (0.0000, 123.5508, 0.0000)
STOPPED: 57.71955, (-10.8400, 0.8000, -6.0217), (0.0000, 123.5508, 0.0000)
STOPPED: 57.73363, (-10.8400, 0.8000, -6.0217), (0.0000, 123.5508, 0.0000)
STOPPED: 57.74704, (-10.8400, 0.8000, -6.0217), (0.0000, 123.5508, 0.0000)
STOPPED: 57.76145, (-10.8400, 0.8000, -6.0217), (0.0000, 123.5508, 0.0000)
STOPPED: 57.77523, (-10.8400, 0.8000, -6.0217), (0.0000, 123.5508, 0.0000)
STOPPED: 57.78862, (-10.8400, 0.8000, -6.0217), (0.0000, 123.5508, 0.0000)
STOPPED: 57.80288, (-10.8400, 0.8000, -6.0217), (0.0000, 123.5508, 0.0000)
STOPPED: 57.81688, (-10.8400, 0.8000, -6.0217), (0.0000, 123.5508, 0.0000)
STOPPED: 57.83028, (-10.8400, 0.8000, -6.0217), (0.0000, 123.5508, 0.0000)
STOPPED: 57.84496, (-10.8400, 0.8000, -6.0217), (0.0000, 123.5508, 0.0000)
STOPPED: 57.85879, (-10.8400, 0.8000, -6.0217), (0.0000, 123.5508, 0.0000)
STOPPED: 57.87244, (-10.8400, 0.8000, -6.0217), (0.0000, 123.5508, 0.0000)
STOPPED: 57.88583, (-10.8400, 0.8000, -6.0217), (0.0000, 123.5508, 0.0000)
STOPPED: 57.90017, (-10.8400, 0.8000, -6.0217), (0.0000, 123.5508, 0.0000)
STOPPED: 57.91388, (-10.8400, 0.8000, -6.0217), (0.0000, 123.5508, 0.0000)
STOPPED: 57.92725, (-10.8400, 0.8000, -6.0217), (0.0000, 123.5508, 0.0000)
STOPPED: 57.94147, (-10.8400, 0.8000, -6.0217), (0.0000, 123.5508, 0.0000)
STOPPED: 57.95546, (-10.8400, 0.8000, -6.0217), (0.0000, 123.5508, 0.0000)
RESTART: 58.03797, (-10.8400, 0.8000, -6.0217), (0.0000, 123.5508, 0.0000)
61.0374, (-10.4300, 0.8000, -10.8117), (0.0000, 90.0000, 0.0000)
64.04985, (-0.7700, 0.8000, -10.8117), (0.0000, 0.0000, 0.0000)
NODE 5: 64.04985, (-0.7700, 0.8000, -10.8117), (0.0000, 0.0000, 0.0000)
STOPPED: 65.68826, (-0.7700, 0.8000, -10.8117), (0.0000, 0.0000, 0.0000)
GESTURE 0: 65.68826, (-0.7700, 0.8000, -10.8117), (0.0000, 0.0000, 0.0000)
STOPPED: 66.31363, (-0.7700, 0.8000, -10.8117), (0.0000, 0.0000, 0.0000)
GESTURE 0: 66.31363, (-0.7700, 0.8000, -10.8117), (0.0000, 0.0000, 0.0000)
RESTART: 66.63298, (-0.7700, 0.8000, -10.8117), (0.0000, 0.0000, 0.0000)
GESTURE 1: 66.63298, (-0.7700, 0.8000, -10.8117), (0.0000, 0.0000, 0.0000)
69.64595, (-0.5100, 0.8000, -10.1617), (0.0000, 90.0000, 0.0000)
72.65929, (2.2300, 0.8000, -10.9617), (0.0000, 180.0000, 0.0000)
Repeat

Participant 0 Task B
Guided Jumping
NODE 0: 0, (-4.5300, 0.8000, -2.1717), (0.0000, 0.0000, 0.0000)
STOPPED: 0.0148891, (-4.5300, 0.8000, -2.1717), (0.0000, 0.0000, 0.0000)
GESTURE 0: 0.0148891, (-4.5300, 0.8000, -2.1717), (0.0000, 0.0000, 0.0000)
STOPPED: 0.1102588, (-4.5300, 0.8000, -2.1717), (0.0000, 0.0000, 0.0000)
GESTURE 0: 0.1102588, (-4.5300, 0.8000, -2.1717), (0.0000, 0.0000, 0.0000)
STOPPED: 0.1386253, (-4.5300, 0.8000, -2.1717), (0.0000, 0.0000, 0.0000)
GESTURE 0: 0.1386253, (-4.5300, 0.8000, -2.1717), (0.0000, 0.0000, 0.0000)
STOPPED: 0.3464613, (-4.5300, 0.8000, -2.1717), (0.0000, 0.0000, 0.0000)
GESTURE 0: 0.3464613, (-4.5300, 0.8000, -2.1717), (0.0000, 0.0000, 0.0000)
RESTART: 4.333693, (-4.5300, 0.8000, -2.1717), (0.0000, 0.0000, 0.0000)
GESTURE 1: 4.333693, (-4.5300, 0.8000, -2.1717), (0.0000, 0.0000, 0.0000)
7.347202, (-4.5300, 0.8000, -2.1717), (0.0000, 0.0000, 0.0000)
NODE 1: 7.347202, (-4.5300, 0.8000, -2.1717), (0.0000, 0.0000, 0.0000)
10.35969, (-4.8700, 0.8000, -0.4517), (0.0000, 315.0000, 0.0000)
13.37282, (-5.4800, 0.8000, 1.2383), (0.0000, 270.0000, 0.0000)
NODE 2: 13.37282, (-5.4800, 0.8000, 1.2383), (0.0000, 270.0000, 0.0000)
16.38608, (-6.2000, 0.8000, 0.9983), (0.0000, 0.0000, 0.0000)
19.399, (-6.3200, 0.8000, 4.2383), (0.0000, 270.0000, 0.0000)
22.41204, (-11.5200, 0.8000, 3.8883), (0.0000, 270.0000, 0.0000)
25.42434, (-13.3300, 0.8000, 2.2683), (0.0000, 180.0000, 0.0000)
28.43741, (-13.1400, 0.8000, -1.3117), (0.0000, 180.0000, 0.0000)
31.45, (-13.1400, 0.8000, -4.6617), (0.0000, 245.0000, 0.0000)
34.46289, (-15.6600, 0.8000, -6.3317), (0.0000, 270.0000, 0.0000)
NODE 3: 34.46289, (-15.6600, 0.8000, -6.3317), (0.0000, 270.0000, 0.0000)
37.47633, (-17.3200, 0.8000, -6.9317), (0.0000, 90.0000, 0.0000)
40.48856, (-14.3500, 0.8000, -6.6817), (0.0000, 103.9739, 0.0000)
43.5009, (-12.9600, 0.8000, -8.0517), (0.0000, 90.0000, 0.0000)
NODE 4: 43.5009, (-12.9600, 0.8000, -8.0517), (0.0000, 90.0000, 0.0000)
CHOICE: 43.5009, (-12.9600, 0.8000, -8.0517), (0.0000, 90.0000, 0.0000)
STOPPED: 43.5009, (-12.9600, 0.8000, -8.0517), (0.0000, 90.0000, 0.0000)
SELECTED 1: 48.02755, (-12.9600, 0.8000, -8.0517), (0.0000, 90.0000, 0.0000)
RESTART: 48.54081, (-12.9600, 0.8000, -8.0517), (0.0000, 90.0000, 0.0000)
51.55428, (-11.1900, 0.8000, -7.1817), (0.0000, 180.0000, 0.0000)
Repeat

